0.000000
0.326429
0.361971
0.397516
0.433067
0.468630
0.504212
0.539833
0.575735
0.611834
0.648134
0.684573
0.720897
0.756255
0.786853
0.809037
0.824294
0.902562
0.927689
0.949686
0.966442
0.976293
0.977619
0.969417
0.951125
0.920969
0.875390
0.708438
-0.058526
-0.070426
-0.090574
-0.109722
-0.120819
-0.127722
-0.134094
-0.140164
-0.146801
-0.155163
-0.177329
-0.186119
-0.196441
-0.210174
-0.238164
-1.047198
-1.047198
-1.047198
-1.047198
-1.047198
-1.047198
-1.047198
-1.047198
-1.047198
-1.047198
-1.047198
-1.047198
-1.047198
-1.047198
-1.047198
0.169738
0.209605
0.230718
0.254010
0.263628
0.277679
0.278482
0.275263
0.267580
0.256583
0.242992
0.227082
0.170510
0.034584
-0.040231
-0.045787
-0.047872
-0.049183
-0.049833
-0.050027
-0.050032
-0.049880
-0.049457
-0.048636
-0.047337
-0.045419
1.047198
1.047198
1.047198
1.047198
1.047198
1.047198
1.047198
1.047198
1.047198
1.047198
1.047198
1.047198
1.047198
1.047198
1.047198
-0.139143
-0.180965
-0.202628
-0.227096
-0.237760
-0.253261
-0.255270
-0.253779
-0.248407
-0.240200
-0.229632
-0.217313
-0.202910
-0.145035
-0.015646
0.032144
0.037560
0.039645
0.041148
0.042426
0.043688
0.045071
0.046622
0.048491
0.051272
0.057271
-1.047198
-1.047198
-1.047198
-1.047198
-1.047198
-1.047198
-1.047198
-1.047198
-1.047198
-1.047198
-1.047198
-1.047198
-1.047198
-1.047198
-1.047198
-1.047198
-1.047198
-1.047198
0.208961
0.271644
0.303446
0.340470
0.361681
0.393525
0.401772
0.406301
0.405717
0.400798
0.390528
0.376968
0.358922
0.337234
0.300555
0.139889
-0.067366
-0.078864
-0.082997
-0.086269
-0.088501
-0.089659
-0.090023
-0.090108
-0.090155
-0.090234
-0.090535
-0.092094
1.047198
1.047198
1.047198
1.047198
1.047198
1.047198
1.047198
1.047198
1.047198
1.047198
1.047198
1.047198
1.047198
1.047198
1.047198
-0.198471
-0.250593
-0.276686
-0.307059
-0.321774
-0.343610
-0.347132
-0.346751
-0.341848
-0.332045
-0.319079
-0.302636
-0.283122
-0.221252
-0.056292
0.037981
0.045927
0.049468
0.052446
0.054984
0.057389
0.059970
0.062856
0.066200
0.070509
0.077350
0.093461
-1.047198
-1.047198
-1.047198
-1.047198
-1.047198
-1.047198
-1.047198
-1.047198
-1.047198
-1.047198
-1.047198
-1.047198
-1.047198
-1.047198
-1.047198
0.120602
0.160135
0.180576
0.203869
0.214036
0.228193
0.229901
0.228344
0.223417
0.215716
0.206065
0.194954
0.182086
0.131840
0.016060
-0.026850
-0.031769
-0.033690
-0.035069
-0.036292
-0.037520
-0.038820
-0.040199
-0.041732
-0.043745
-0.047250
1.047198
1.047198
1.047198
1.047198
1.047198
1.047198
1.047198
1.047198
1.047198
1.047198
1.047198
1.047198
1.047198
1.047198
1.047198
-0.203111
-0.257682
-0.284871
-0.317702
-0.334307
-0.361932
-0.370046
-0.373133
-0.371390
-0.364943
-0.353523
-0.338476
-0.319766
-0.297341
-0.206122
-0.150781
-0.059167
0.023190
0.029007
0.031107
0.032601
0.033490
0.033771
0.033742
0.033715
0.033702
0.033526
0.032981
0.031903
0.030069
-1.047198
-1.047198
-1.047198
-1.047198
-1.047198
-1.047198
-1.047198
-1.047198
-1.047198
-1.047198
-1.047198
-1.047198
-1.047198
0.062455
0.092416
0.108054
0.130797
0.143053
0.156394
0.160263
0.162441
0.163689
0.164268
0.164385
0.165412
0.167809
0.172405
0.185572
-1.047198
-1.047198
-1.047198
-1.047198
-1.047198
-1.047198
-1.047198
-1.047198
-1.047198
-1.047198
-1.047198
-1.047198
-1.047198
-1.047198
-1.047198
-1.047198
-1.047198
-1.047198
-1.047198
-1.047198
0.255755
0.319955
0.352787
0.392728
0.426004
0.451213
0.469026
0.484048
0.496298
0.502409
0.501317
0.494591
0.488752
0.484196
0.478785
0.467972
0.448567
0.423286
0.317653
0.104048
-0.064599
-0.067812
-0.068529
-0.068234
-0.067362
-0.065970
-0.063644
-0.059592
-0.053827
-0.045325
-0.012821
0.014194
0.016050
0.016392
0.015884
0.014842
0.014218
0.014410
0.015066
0.015797
0.016195
0.015915
0.015025
0.013847
0.010656
0.004106
-0.000925
-0.000562
0.000296
0.001665
0.002635
0.003225
0.003532
0.003722
0.004011
0.004681
0.005759
0.007001
0.008362
0.009971
0.012169
0.016236
0.726795
0.790407
0.850673
0.900805
0.931477
0.947366
0.956126
0.960406
0.960397
0.955354
0.943959
0.931709
0.908229
0.871084
0.816841
0.626328
-0.082067
-0.095516
-0.115267
-0.131254
-0.135931
-0.134536
-0.133667
-0.131585
-0.129422
-0.128095
-0.127046
-0.123762
-0.117055
-0.108257
-0.070260
0.007249
0.024822
0.026761
0.028050
0.028399
0.027288
0.024101
0.019765
0.007990
-0.004893
-0.005718
-0.005918
-0.005382
-0.004158
-0.003374
-0.003593
-0.004550
-0.006172
-0.008272
-0.010121
-0.011274
-0.011813
-0.011787
-0.011259
-0.010684
-0.010543
-0.010903
-0.011696
-0.012793
-0.013902
-0.014751
-0.015256
-0.015420
-0.015315
-0.015188
-0.015381
-0.016159
-0.017997
1.047198
1.047198
1.047198
1.047198
1.047198
1.047198
1.047198
1.047198
1.047198
1.047198
1.047198
1.047198
1.047198
1.047198
1.047198
1.047198
1.047198
1.047198
-0.178446
-0.228140
-0.254904
-0.282309
-0.294751
-0.305444
-0.313357
-0.318485
-0.321880
-0.324279
-0.327621
-0.332972
-0.343518
-0.376966
-0.395868
-0.441835
-0.980623
-1.038653
-1.047198
-1.047198
-1.047198
-1.047198
-1.047198
-1.047198
-1.047198
-1.047198
-1.047198
-1.018728
0.064763
0.081047
0.107606
0.126816
0.134515
0.139745
0.142731
0.143444
0.142615
0.140633
0.138149
0.134916
0.130433
0.124701
0.118041
0.110492
0.074003
0.004083
-0.020711
-0.021719
-0.022747
-0.023602
-0.024490
-0.026074
1.047198
1.047198
1.047198
1.047198
1.047198
1.047198
1.047198
1.047198
1.047198
1.047198
1.047198
1.047198
1.047198
1.047198
1.047198
-0.228569
-0.196611
-0.221078
-0.251745
-0.268554
-0.294273
-0.302266
-0.305617
-0.304871
-0.300101
-0.291625
-0.280411
-0.266688
-0.250251
-0.217303
-0.094666
0.058919
0.067330
0.069843
0.071518
0.072151
0.071731
0.070649
0.069343
0.067913
0.066129
0.063509
-1.047198
-1.047198
-1.047198
-1.047198
-1.047198
-1.047198
-1.047198
-1.047198
-1.047198
-1.047198
-1.047198
-1.047198
-1.047198
-1.047198
0.253595
0.262119
0.286157
0.316061
0.328465
0.348831
0.352482
0.350398
0.343075
0.330423
0.313961
0.294325
0.252346
0.098031
-0.042919
-0.048060
-0.051765
-0.054695
-0.056854
-0.058226
-0.059165
-0.060077
-0.061074
-0.062093
-0.063160
-0.064680
-0.068112
1.047198
1.047198
1.047198
1.047198
1.047198
1.047198
1.047198
1.047198
1.047198
1.047198
1.047198
1.047198
1.047198
1.047198
-0.194006
-0.191381
-0.213450
-0.240264
-0.253631
-0.271289
-0.273727
-0.272521
-0.267436
-0.258657
-0.247576
-0.234505
-0.219211
-0.168280
-0.035643
0.038138
0.043723
0.045845
0.047230
0.048189
0.049028
0.049962
0.051006
0.052168
0.053739
0.056917
-1.047198
-1.047198
-1.047198
-1.047198
-1.047198
-1.047198
-1.047198
-1.047198
-1.047198
-1.047198
-1.047198
-1.047198
-1.047198
-1.047198
0.117248
0.158556
0.179392
0.204298
0.215098
0.230167
0.232194
0.230715
0.225490
0.218098
0.208939
0.198295
0.185813
0.150521
0.049790
-0.043800
-0.046856
-0.049022
-0.050127
-0.050450
-0.049768
-0.048057
-0.045731
-0.043108
-0.040044
-0.025706
0.010362
1.017532
1.047198
1.047198
1.047198
1.047198
1.047198
1.047198
1.047198
1.047198
1.047198
1.047198
1.047198
1.047198
1.047198
1.047198
-0.116740
-0.158259
-0.178995
-0.204226
-0.215140
-0.230274
-0.232291
-0.230879
-0.225959
-0.218607
-0.209495
-0.198896
-0.186448
-0.153633
-0.055193
0.040700
0.046483
0.048167
0.049162
0.049356
0.048878
0.048126
0.047310
0.046322
0.044848
0.042347
-1.047198
-1.047198
-1.047198
-1.047198
-1.047198
-1.047198
-1.047198
-1.047198
-1.047198
-1.047198
-1.047198
-1.047198
-1.047198
0.136622
0.092440
0.112145
0.141653
0.161526
0.186733
0.197579
0.207058
0.215854
0.224553
0.233976
0.244912
0.258530
0.277931
0.312661
-1.047198
-1.047198
-1.047198
-1.047198
-1.047198
-1.047198
-1.047198
-1.047198
-1.047198
-1.047198
-1.047198
-1.047198
-1.047198
-1.047198
-1.047198
-1.047198
-1.047198
-1.047198
-1.047198
-1.047198
0.394754
0.463629
0.499420
0.541073
0.579269
0.610386
0.635730
0.655758
0.669266
0.672689
0.667539
0.658323
0.649029
0.641330
0.629544
0.609047
0.580309
0.476774
0.227682
-0.087972
-0.105156
-0.109829
-0.111681
-0.112131
-0.111306
-0.108101
-0.101684
-0.092879
-0.083943
-0.049600
0.013078
0.017458
0.018634
0.019031
0.018829
0.018160
0.017975
0.018624
0.019579
0.020308
0.020462
0.019775
0.018407
0.016944
0.015440
0.011132
0.006592
0.004460
0.004409
0.004775
0.004849
0.004285
0.002147
0.000369
-0.000362
0.000345
0.001680
0.002903
0.003772
0.004871
0.006139
0.007021
0.009411
0.013696
0.689796
0.752625
0.804316
0.839039
0.861688
0.877457
0.887570
0.891606
0.889194
0.927618
0.933739
0.935536
0.927171
0.906617
0.871086
0.817742
0.637198
0.206529
-0.120133
-0.134910
-0.140000
-0.143463
-0.145900
-0.147428
-0.148979
-0.150561
-0.150109
-0.146986
-0.141655
-0.134480
-0.125262
-0.115562
-0.073166
-0.002597
0.019919
0.018336
0.016802
0.014419
0.011698
0.004754
-0.001565
-0.001296
-0.000748
-0.000037
-0.000583
-0.001807
-0.003677
-0.005693
-0.007421
-0.008688
-0.009411
-0.009559
-0.009396
-0.009458
-0.009959
-0.010847
-0.012118
-0.013719
-0.015325
-0.017778
-0.018719
-0.019519
-0.020210
-0.021095
-0.022594
-0.025829
1.047198
1.047198
1.047198
1.047198
1.047198
1.047198
1.047198
1.047198
1.047198
1.047198
1.047198
1.047198
1.047198
1.047198
1.047198
1.047198
1.047198
-0.114715
-0.156185
-0.178684
-0.202098
-0.223986
-0.232032
-0.237962
-0.242320
-0.246042
-0.250222
-0.256742
-0.266696
-0.285008
-1.022557
-1.047198
-1.047198
-1.047198
-1.047198
-1.047198
-1.047198
-1.047198
-1.047198
-1.047198
-1.047198
-1.047198
0.077282
0.109187
0.125619
0.144907
0.149036
0.150765
0.149732
0.146132
0.140399
0.133602
0.126588
0.119100
0.099153
0.038525
-0.022491
-0.026108
-0.027043
-0.027476
-0.027322
-0.026717
-0.025905
-0.024897
-0.023313
-0.020051
1.047198
1.047198
1.047198
1.047198
1.047198
1.047198
1.047198
1.047198
1.047198
1.047198
1.047198
1.047198
1.047198
1.047198
1.047198
-0.140895
-0.147906
-0.169872
-0.197164
-0.211137
-0.230438
-0.234984
-0.236454
-0.234772
-0.230100
-0.223616
-0.215432
-0.205349
-0.193251
-0.177285
-0.098066
0.034318
0.043412
0.046151
0.048107
0.049471
0.050130
0.050206
0.050107
0.050126
0.050328
0.050819
-1.047198
-1.047198
-1.047198
-1.047198
-1.047198
-1.047198
-1.047198
-1.047198
-1.047198
-1.047198
-1.047198
-1.047198
-1.047198
-0.947042
0.253912
0.282381
0.321073
0.351467
0.364890
0.369854
0.374124
0.373458
0.368295
0.358448
0.345123
0.328269
0.307745
0.265361
0.106780
-0.044938
-0.050450
-0.054510
-0.057838
-0.060544
-0.062687
-0.064670
-0.067036
-0.070141
-0.074515
-0.082202
1.047198
1.047198
1.047198
1.047198
1.047198
1.047198
1.047198
1.047198
1.047198
1.047198
1.047198
1.047198
1.047198
1.047198
-0.149275
-0.189374
-0.209468
-0.233040
-0.241381
-0.241415
-0.241159
-0.237223
-0.229396
-0.218973
-0.206701
-0.192880
-0.139115
-0.014479
0.031575
0.036711
0.038597
0.039797
0.040913
0.042109
0.043382
0.044734
0.046339
0.048766
0.053910
-1.047198
-1.047198
-1.047198
-1.047198
-1.047198
-1.047198
-1.047198
-1.047198
-1.047198
-1.047198
-1.047198
-1.047198
-1.047198
-1.047198
-1.047198
0.265762
0.226475
0.251545
0.283620
0.299457
0.322729
0.327668
0.328286
0.324524
0.315942
0.304470
0.289906
0.272533
0.247672
0.127898
-0.036863
-0.047309
-0.051318
-0.054720
-0.057563
-0.059954
-0.062283
-0.064951
-0.068210
-0.072489
-0.079284
-0.095593
1.047198
1.047198
1.047198
1.047198
1.047198
1.047198
1.047198
1.047198
1.047198
1.047198
1.047198
1.047198
1.047198
1.047198
-0.074425
-0.095069
-0.110773
-0.133209
-0.143251
-0.145608
-0.147460
-0.147212
-0.144623
-0.140449
-0.135303
-0.129486
-0.122637
-0.114410
-0.082488
-0.012075
0.019149
0.020673
0.021779
0.022539
0.022895
0.023057
0.023256
0.023503
0.023670
0.023642
0.023414
-1.047198
-1.047198
-1.047198
-1.047198
-1.047198
-1.047198
-1.047198
-1.047198
-1.047198
-1.047198
-1.047198
-1.047198
-1.047198
0.112449
0.132947
0.152423
0.180931
0.200172
0.222197
0.230255
0.236260
0.240694
0.244347
0.249625
